STATE [89. 90. 91. 90. 90. 11.]
G [90. 90. 90. 90. 90.]
STATE [91. 89. 87. 87. 90. 11.]
G [92.21052632 87.94736842 87.47368421 85.73684211 90.05263158]
STATE [93. 87. 86. 82. 90. 11.]
G [94.42105263 85.89473684 84.94736842 81.47368421 90.10526316]
STATE [96. 85. 82. 78. 90. 11.]
G [96.63157895 83.84210526 82.42105263 77.21052632 90.15789474]
STATE [98. 82. 80. 74. 90. 11.]
G [98.84210526 81.78947368 79.89473684 72.94736842 90.21052632]
STATE [100.  80.  77.  70.  90.  11.]
G [101.05263158  79.73684211  77.36842105  68.68421053  90.26315789]
STATE [102.  79.  76.  64.  90.  11.]
G [103.26315789  77.68421053  74.84210526  64.42105263  90.31578947]
STATE [103.  78.  74.  63.  90.  11.]
G [105.47368421  75.63157895  72.31578947  60.15789474  90.36842105]
STATE [107.  74.  70.  56.  90.  11.]
G [107.68421053  73.57894737  69.78947368  55.89473684  90.42105263]
STATE [109.  72.  67.  52.  90.  11.]
G [109.89473684  71.52631579  67.26315789  51.63157895  90.47368421]
STATE [111.  69.  66.  47.  90.  11.]
G [112.10526316  69.47368421  64.73684211  47.36842105  90.52631579]
STATE [113.  68.  62.  44.  90.  11.]
G [114.31578947  67.42105263  62.21052632  43.10526316  90.57894737]
STATE [116.  65.  61.  39.  90.  11.]
G [116.52631579  65.36842105  59.68421053  38.84210526  90.63157895]
STATE [118.  63.  57.  35.  90.  11.]
G [118.73684211  63.31578947  57.15789474  34.57894737  90.68421053]
STATE [120.  62.  56.  30.  90.  11.]
G [120.94736842  61.26315789  54.63157895  30.31578947  90.73684211]
STATE [122.  59.  52.  26.  90.  11.]
G [123.15789474  59.21052632  52.10526316  26.05263158  90.78947368]
STATE [124.  58.  51.  23.  90.  11.]
G [125.36842105  57.15789474  49.57894737  21.78947368  90.84210526]
STATE [127.  55.  47.  19.  90.  11.]
G [127.57894737  55.10526316  47.05263158  17.52631579  90.89473684]
STATE [129.  53.  45.  13.  90.  11.]
G [129.78947368  53.05263158  44.52631579  13.26315789  90.94736842]
STATE [131.  51.  42.  10.  90.  11.]
G [132.  51.  42.   9.  91.]
STATE [131.  51.  42.  10.  90.  15.]
G 90.0
STATE [131.  51.  42.  10.  90.  74.]
G 104.5
STATE [131.  51.  42.  10.  90. 104.]
G 119.0
STATE [131.  51.  42.  10.  90. 124.]
G 133.5
STATE [131.  51.  42.  10.  90. 132.]
G 148.0
STATE [131.  51.  42.  10.  90. 140.]
G [132.  51.  42.   9.  91.]
STATE [131.  51.  42.  10.  90. 139.]
G [132.          51.          43.47368421   9.          91.        ]
STATE [131.  51.  43.  10.  90. 139.]
G [132.          51.          44.94736842   9.          91.        ]
STATE [131.  51.  44.  10.  90. 138.]
G [132.          51.          46.42105263   9.          91.        ]
STATE [131.  51.  46.  10.  90. 138.]
G [132.          51.          47.89473684   9.          91.        ]
STATE [131.  51.  47.  10.  90. 137.]
G [132.          51.          49.36842105   9.          91.        ]
STATE [131.  51.  49.  10.  90. 137.]
G [132.          51.          50.84210526   9.          91.        ]
STATE [131.  51.  51.  10.  90. 137.]
G [132.          51.          52.31578947   9.          91.        ]
STATE [131.  51.  51.  10.  90. 136.]
G [132.          51.          53.78947368   9.          91.        ]
STATE [131.  51.  54.  10.  90. 136.]
G [132.          51.          55.26315789   9.          91.        ]
STATE [131.  51.  54.  10.  90. 136.]
G [132.          51.          56.73684211   9.          91.        ]
STATE [131.  51.  56.  10.  90. 136.]
G [132.          51.          58.21052632   9.          91.        ]
STATE [131.  51.  58.  10.  90. 136.]
G [132.          51.          59.68421053   9.          91.        ]
STATE [131.  51.  60.  10.  90. 136.]
G [132.          51.          61.15789474   9.          91.        ]
STATE [131.  51.  61.  10.  90. 136.]
G [132.          51.          62.63157895   9.          91.        ]
STATE [131.  51.  62.  10.  90. 136.]
G [132.          51.          64.10526316   9.          91.        ]
STATE [131.  51.  64.  10.  90. 136.]
G [132.          51.          65.57894737   9.          91.        ]
STATE [131.  51.  66.  10.  90. 136.]
G [132.          51.          67.05263158   9.          91.        ]
STATE [131.  51.  67.  10.  90. 136.]
G [132.          51.          68.52631579   9.          91.        ]
STATE [131.  51.  69.  10.  90. 136.]
G [132.  51.  70.   9.  91.]
STATE [131.  51.  69.  10.  90. 136.]
G [132.  51.  70.   9.  91.]
STATE [127.  51.  69.  10.  90. 136.]
G [127.21052632  51.10526316  70.           9.          91.        ]
STATE [122.  51.  69.  10.  90. 136.]
G [122.42105263  51.21052632  70.           9.          91.        ]
STATE [118.  51.  69.  10.  90. 136.]
G [117.63157895  51.31578947  70.           9.          91.        ]
STATE [113.  51.  69.  10.  90. 136.]
G [112.84210526  51.42105263  70.           9.          91.        ]
STATE [108.  51.  69.  10.  90. 136.]
G [108.05263158  51.52631579  70.           9.          91.        ]
STATE [103.  51.  69.  10.  90. 136.]
G [103.26315789  51.63157895  70.           9.          91.        ]
STATE [ 98.  51.  69.  10.  90. 136.]
G [98.47368421 51.73684211 70.          9.         91.        ]
STATE [ 94.  51.  69.  10.  90. 136.]
G [93.68421053 51.84210526 70.          9.         91.        ]
STATE [ 89.  51.  69.  10.  90. 136.]
G [88.89473684 51.94736842 70.          9.         91.        ]
STATE [ 84.  51.  69.  10.  90. 136.]
G [84.10526316 52.05263158 70.          9.         91.        ]
STATE [ 79.  51.  69.  10.  90. 136.]
G [79.31578947 52.15789474 70.          9.         91.        ]
STATE [ 75.  51.  69.  10.  90. 136.]
G [74.52631579 52.26315789 70.          9.         91.        ]
STATE [ 70.  51.  69.  10.  90. 136.]
G [69.73684211 52.36842105 70.          9.         91.        ]
STATE [ 65.  51.  69.  10.  90. 136.]
G [64.94736842 52.47368421 70.          9.         91.        ]
STATE [ 60.  51.  69.  10.  90. 136.]
G [60.15789474 52.57894737 70.          9.         91.        ]
STATE [ 55.  51.  69.  10.  90. 136.]
G [55.36842105 52.68421053 70.          9.         91.        ]
STATE [ 51.  51.  69.  10.  90. 136.]
G [50.57894737 52.78947368 70.          9.         91.        ]
STATE [ 46.  51.  69.  10.  90. 136.]
G [45.78947368 52.89473684 70.          9.         91.        ]
STATE [ 41.  51.  69.  10.  90. 136.]
G [41. 53. 70.  9. 91.]
STATE [ 41.  51.  69.  10.  90. 136.]
G [41. 53. 70.  9. 91.]
STATE [ 41.  51.  69.  10.  90. 136.]
G [41.         53.         68.63157895  9.         91.        ]
STATE [ 41.  51.  69.  10.  90. 136.]
G [41.         53.         67.26315789  9.         91.        ]
STATE [ 41.  51.  67.  10.  90. 136.]
G [41.         53.         65.89473684  9.         91.        ]
STATE [ 41.  51.  66.  10.  90. 136.]
G [41.         53.         64.52631579  9.         91.        ]
STATE [ 41.  51.  65.  10.  90. 136.]
G [41.         53.         63.15789474  9.         91.        ]
STATE [ 41.  51.  63.  10.  90. 136.]
G [41.         53.         61.78947368  9.         91.        ]
STATE [ 41.  51.  61.  10.  90. 136.]
G [41.         53.         60.42105263  9.         91.        ]
STATE [ 41.  51.  60.  10.  90. 136.]
G [41.         53.         59.05263158  9.         91.        ]
STATE [ 41.  51.  59.  10.  90. 136.]
G [41.         53.         57.68421053  9.         91.        ]
STATE [ 41.  51.  58.  10.  90. 136.]
G [41.         53.         56.31578947  9.         91.        ]
STATE [ 41.  51.  56.  10.  90. 136.]
G [41.         53.         54.94736842  9.         91.        ]
STATE [ 41.  51.  55.  10.  90. 136.]
G [41.         53.         53.57894737  9.         91.        ]
STATE [ 41.  51.  54.  10.  90. 136.]
G [41.         53.         52.21052632  9.         91.        ]
STATE [ 41.  51.  52.  10.  90. 136.]
G [41.         53.         50.84210526  9.         91.        ]
STATE [ 41.  51.  51.  10.  90. 136.]
G [41.         53.         49.47368421  9.         91.        ]
STATE [ 41.  51.  49.  10.  90. 136.]
G [41.         53.         48.10526316  9.         91.        ]
STATE [ 41.  51.  48.  10.  90. 136.]
G [41.         53.         46.73684211  9.         91.        ]
STATE [ 41.  51.  46.  10.  90. 136.]
G [41.         53.         45.36842105  9.         91.        ]
STATE [ 41.  51.  45.  10.  90. 136.]
G [41. 53. 44.  9. 91.]
STATE [ 41.  51.  44.  10.  90. 136.]
G 148.0
STATE [ 41.  51.  44.  10.  90. 144.]
G 131.0
STATE [ 41.  51.  44.  10.  90. 129.]
G 114.0
STATE [ 41.  51.  44.  10.  90. 112.]
G 97.0
STATE [41. 51. 44. 10. 90. 95.]
G 80.0